139734958638763
59082498708405
47379092979914
144728799990911
69600572453510
26787095566268
162030763212508
223647225528581
139608856410146
104972912119555
212192040452249
10602175793186
177046940308108
51892087763635
98867362765970
125425449666097
196495505887427
261956206143133
258385318820852
211742687153698
246136516171354
220802737326722
114000026033170
193370035529704
276609167580276
47858370981166
175126029635396
142054946376890
277709505867013
82939238536291
225223657782040
135434679593513
135313805977707
174969564248211
12712684640976
111755487110403
60671524110933
108744301397608
241594037761836
16015199851265
161598346281720
21861374385445
176238871852945
217745678319437
19799092905112
269759655990217
40574810459502
249966598924501
248971436144474
158403244716302
19399476413185
66014592253803
86607634440049
51314422641204
131043342366821
194777803550136
82491956155277
104556696176793
84226780356076
177458045536769
260179234029736
128792095708962
255882562811860
125889273767862
262519070434329
9888765311099
146263222394944
13763125347800
49779858478332
128570909095967
216710582175368
103705279044648
48631815796453
95654530405935
48040284810201
237519875265836
161556047513838
21712067987489
176267161363235
264509045854209
184279587346181
89185038563129
264298931689816
172980598038525
241336482187672
136661427224276
83483274070774
246024895400225
71166599042186
73314701668225
216509915777260
58473055946844
12675528819831
26281528168173
234267132197062
41264286616480
25475480467792
196712669942940
238873305044265
201479336555967
107052479784509
156226534780278
159995907206052
275090684763172
155355603670229
117086423775774
176505439050960
139254658599760
105732456390051
222196934316065
17334839107515
238967256924207
75117895004671
127671267522795
222219600706727
39098522627898
219852722869301
267668030205335
35286320140572
133425158831467
31189074140918
25355238023558
78806781235267
138238687118845
167933079583013
125958246021066
234847724928661
234185187055615
59969759487980
243800100915810
79461420644059
183696968971450
22527054215709
265248680715586
141044153836666
39550263448543
269371562351345
157529913100848
69687821454102
274027009351818
207012694557448
98210411457645
193640448376699
244626353567511
271543506797763
59425410561072
244057489124575
13313651027395
89399414112489
231048987951090
61678795951472
210901019740192
33959452701085
30000345341572
21524057388336
205025891385940
233060748763303
216787602183423
43205440506409
212037530651182
153248585297415
219440600407162
19059496256741
29130998727178
147240741883870
242487076626840
229731889394497
26022659244673
177439431396006
3857460774113
80342096574346
148770632094954
253025043757746
706685115115
214926994130412
70482032391858
280571606700044
237647308450646
119143198828847
169968909376378
203354611158680
98556340270233
231568701472455
266418263124489
147850108636554
159027561391768
117181551982642
46279775993106
278396880238638
88022711854351
13639214062248
43217683784901
96132400812029
196584889190866
128596722384918
90433626808368
268491092780292
157626036773070
214727189534575
27001852717171
233951034434462
9472750742255
278925704962123
117313126590403
34967656694643
280915304127680
150859877790164
68744639068987
173529664853462
171379839557355
198918134919941
14145446197375
69878049619302
220379201342852
51202550113593
89313498489647
163350203855624
199737088407839
153799103321865
17063860926506
93081030066478
93233398048962
214850826317946
83376894141854
239365198514537
244058428838550
196718737451389
156493347933421
177120605502802
82835704324730
168656684503227
111231169955168
227313554990533
243268263983959
171025446012600
248983912094118
183234358844767
166654206636369
72475990540602
26749889398826
20931351565147
209966129106107
272160926976785
178188660114485
38498526268853
105889193380325
154077012197662
31033451476188
151571507896995
222257878554808
201150386361524
186835941159628
29471485148251
16719488802587
153972748995655
118890078997970
89547810692134
150606563587381
11242246078570
17576367065155
225017486857932
87249953335407
158913739726622
69567699704112
225496410296391
213679044982871
109109974952560
50447322262372
205903996766409
7507823712580
47791150741351
15795795090489
173922147994391
143376563238355
126821809549379
172121259933755
183058401574697
105829825734708
50278449353229
162940019858585
180622736005670
16637374153278
47796907487090
60207441308777
156518080358567
214791965280609
183931233987829
220090565057977
170665920848
268169490609243
206866619073388
21667783381875
200277761405108
241386907939268
257563716993742
251668743955724
22965130945933
272730027057003
165570185300819
155618837126157
174271439520837
156629149554046
149497644110560
107435374065760
141717969108165
41128680200834
118475416904393
65901620128628
7032776233382
9383826696741
87991302330588
272995796966191
40706920569756
217600130512848
47730101479106
273430916375732
265295100970311
193040377882136
92778251047596
177200438056175
41325499911746
104572877852405
9011500725330
242142209027837
173860166159245
51996724461006
253285732023107
165266649163870
246769716912965
209766034190930
127179751991680
71710167592180
157708280287909
123034376266787
165785222501230
88742916397786
271625613731681
256690575210836
31219390980627
209010601755905
147752053228877
167844899999917
59326824993956
150534194868904
84140723168848
47294458280138
270445734935396
51286448888988
143833120215980
22453440312838
233986261859795
60000149762634
810257018262
12305708630834
50736629371436
186428740179876
216987160307740
153081551342626
216497154689588
162777636250319
125688054991448
92587866173703
64677500748887
151724178578602
228066202759677
254930735924891
166590659917848
30732442321950
76703654578726
14613837829142
220072103161552
111214200393282
109244338477700
89477384182018
31542302180795
145907814440780
99481471023565
142099097502922
221668992740694
27282892116819
142290510713483
54672230726192
112494549691665
220007095253222
230741257561386
60482667664509
122055436312136
206629554819177
116398136313443
53044442717845
216797261901207
35044873786184
12459456420851
275145587923657
47960763915637
181596396661248
172688380273056
61879781735304
222132403634981
3589600376295
187375421892495
231851361823702
190417768614128
124753061824474
245716902957548
126133743502744
77674448317369
50104191345828
157031133959904
8388911291309
254011776875737
272260374841931
51456860898263
77579295011291
82321718977102
164611133252891
237993162635030
40308295647365
11058249324086
88882005236108
225342496679333
102769077384252
44787466413733
129538492431603
257881585439872
263943250784021
149410629514172
235603189946374
63978990166561
177409697334482
122527612056347
77776459591214
110659519642966
130219031002337
16355959828640
37002994544297
62846170278249
65885097464870
266619236271733
212924522611067
44787941227922
279790317616529
158516522838379
11821044563765
222035507209666
161889343216524
212996256210352
245878407231874
94864925958584
19244946638647
70149020859590
186943192215695
49625925731686
90470687722862
49874763723989
237655134952248
88257364359082
130907933224615
154717222929994
100223160149519
251677689722196
108337440808860
218911039736003
42562102291756
199353444945017
65367052274117
44929826858066
199657338717649
194661965980191
260038891063200
105732063319814
143336487056601
116179537914928
181747161181138
3580479452108
159575085954050
161693540006081
97126509623561
10281557695904
252120807240949
152091208672682
67213882796479
86869355794182
9335796160308
224520427136617
88321104193982
22116423538653
148868648088258
135325005022302
227505033206398
136800077928317
128462898434732
243592281446731
207267993538381
19381214544676
250426905343067
242495004235057
106272196137294
67121080067764
120275023432883
148493270760560
217955470581052
229601413225923
193892744150792
157558475433284
66974153696013
141536521444091
225336343013603
223891183107462
236041938061655
110485713117891
254482432645005
198846524850887
258825431099276
133804902355013
188531600362875
257489631529394
165451545725187
32205187453110
214772055589240
191064997706182
59973320077526
166671979324663
107356963020462
110741108723291
261939151131018
155989223809925
206424747737971
29395716101882
40706445710473
153445585810869
151092988871152
277445841385216
8905065125487
145024552147013
151179618574737
242523739039642
3676510725921
79494573661751
277756136954953
195010517857029
83928375889340
19926918573315
41821713326243
23480179177771
97218852028490
278315419630867
230299483935398
217009566133635
110915359566929
151111983292053
223187292243589
41148233701453
260698717565485
29740324106133
108973600196901
204788392694806
62561983374903
136289966876780
264687471138925
190755427357071
224052308021957
94333118058885
81695170782825
87194085512371
266488358646510
202381440403553
87926746651197
157976944358205
65847733630762
169231751004415
105379634466534
147590393158257
275560480031931
89601487027333
247681901875665
260123980515376
218289260164326
30598093838400
206924235187766
175134551298911
275867837551358
166408767422964
244781639959378
38860482486431
58295012024127
82327645009783
203477725205348
32175377165392
240740720512891
31042094568099
212280796657028
237156019357420
159868893383821
237930475387538
263771154446912
211774439428779
216117963551406
192680392175151
71646243138069
256240437888889
38575871709574
199878907723282
61063380271276
150039266390589
35311044603676
108935428395441
97418509970159
133633776841075
127928018518926
21509135507674
188768840059629
203091579926795
167334817512351
149621794240904
69032156805000
255181192810918
85697486436107
109297481842172
179817408855548
227684663989531
23188803799993
191656013193774
121318273914928
236913054626635
201889569833393
94843814015372
202681445023190
157410084483403
210463346284005
186478035241223
175615860396642
44397920708055
276767450052561
242294917077617
216477637177802
274337241201437
281069141986786
149110836996910
224036848232727
277604329157838
178907211181744
42152658622001
244271200533962
86512288948617
140323468633865
170342525421129
47526557590288
197343782218639
129519590570701
182748016689092
107609709151678
16820028575692
43168160160665
127606518749015
60886071542826
261901408803369
137890914562363
14869111354723
253962008441036
278308594430263
37337704569608
251310114871680
187522542227887
156793632230437
4221250382058
83957476971610
75122032665011
26511433250307
235567875759444
278276374694884
136009175175330
200000475107165
159142012384503
162098044729555
165062999916305
179745877707292
262049421072210
16965728495983
250660136846611
216147310604228
262507925203203
92496379428781
57822887914938
32730440719092
91980535774718
188648009396644
102554455619180
99505821432383
39590289399163
70997660337734
201699856306692
81246146794323
49962830398668
179013678702192
176794197223363
99960769625453
137136610403564
78848042035788
274353500131608
42028252586531
252100184580854
6320629035258
183215476579882
252396396053626
140484793357651
169708107188369
20133225271362
271177088562248
41466464864974
42219149828464
185062587670523
100833091181809
270710698263402
189357804830168
100612735415619
64411439675241
236089576485646
164080683954396
34480053809199
102535903368074
259344276063486
48439074891171
120508152718238
196954415355584
35589695623462
37670118250992
215346344089001
226211685873402
182435034508343
13895058791943
37848909988073
107833204752369
120189743716749
246354795616982
157257649509255
223684076638658
191766454243823
137293424625018
161313933275422
149462926893265
111473253810196
35039940226564
204250770288753
202769599476225
228527700691199
262601199712162
24939693562858
181506437571900
265158375767086
123843594851591
208061017387501
60020102309445
20618702071183
21840205336874
79784534336508
136061137009380
66525990502732
181506179303766
91688676186538
42641501043031
209155731177318
241433361297289
280592692522585
13335179955743
189275729200160
226241352288545
127085073363155
184507940927758
102824386160953
131941882327003
95195285250471
166475044785592
259744825981687
65030795481378
95766176004190
31364197823007
204037948979200
99554425712557
182977603494271
174673677296833
252792894134277
139244195634796
132727800101214
42739835302635
239263534678846
56227784673994
148110172181440
249473407680608
210948365948083
116220433690170
156441928906062
181385347728721
8433928723799
268566122224915
230108687375321
110063399046816
251640133608179
14134721068482
161927420687207
204691517241724
225604254538975
226514841356102
175262124990493
111422383029058
277522353289102
203163443742978
211482320025836
217804966665143
266688718066921
54069969822934
80562409080341
111905857746060
265176890935414
280777422097810
157127620184188
118457099450167
142580109368150
227891463966899
116156815585738
43969726309912
260237535939088
194384117582195
200871566190944
152282143218417
212800611665447
167805077645603
236787215058969
187988956544936
93229817639819
244699655862239
53110629621725
72854290223973
67924208577229
209372815281289
190126348267267
54156261141234
234496363263790
239205395813914
60222525419396
272057967390067
206934106725240
196603573048893
71523384658684
65877940131439
95003881180071
54064523354688
71624747261824
78128512628004
80743443591013
40574329267028
53044910080059
152478735576624
550098199640
203712206624792
11016895919079
23973018663299
47707992013620
7550325297785
89447172699147
35143037264299
67611242575790
143328533526240
150782083510541
141933076104806
261554700030770
150629431983796
207953060121625
65908274092938
199527581547116
241385222125602
274774332644814
260714550601791
94770730536362
32744703935809
226282502434502
105135135213694
90471441457661
95283812146046
228699650145763
274829436988655
124913044160057
128553136718940
30375980907894
83422904129291
67131639030209
216961127603584
223099225527599
149058928386452
147328367360539
139029523306515
140128935272416
2784116716635
243854297706337
61569026243181
245721182693905
202205027635801
32286079408249
120673127587093
20099996891488
214880582159375
245063236272414
280390494334737
78641526031029
258336045354054
475840981949
196431046767233
51505885458499
19224498425100
43718949227038
190977131969171
136700476383838
214202698980625
62861701728479
278695203746490
117822683801882
188815415075403
247788434768320
20196778448708
60762543001279
34898923885293
18037803075001
71550161468210
178199860660490
162073574078892
130564569815785
70871295083628
123485749267267
37615951968089
14649505478480
190163954919996
260417286698266
11006297260228
157945141791320
147923855440926
108465831042913
49487287933683
276066163782445
196010940259550
178915947467398
159822509482668
22033670735855
131267644128774
145365398736620
246573646006086
248881891675812
3244860140958
103858249139467
256907733028564
52427053483018
248565305395001
157482045398625
32439636855962
11988773198891
155801322273876
273676383253306
21498012053457
79935007717580
240765475885573
139444778177339
5232467949250
279389784650662
146360691631352
152387766731209
87082533352491
8962019268463
193402508762817
150146429891388
271125823492595
147954057914296
100835152872309
117925108995295
35551610046770
98471466489748
266192249677982
45054364598980
164000138636170
187624450788885
212194728998518
59811349909607
76205891427018
110521770552212
129035424476023
22221211206943
212524121805030
199046972767694
180903850137912
215383354383457
211313620948541
159665228532430
78107570267806
79706940867282
172122279317040
52030130768294
62681809505113
48935529012012
231766578145544
151746747443450
204677846668721
277922166144750
147626388762927
247985878992476
263103002929063
220429826847967
277903891972273
60495908239988
106041601685091
184962289335649
35893945190168
232823651305984
133580423793907
55072125848466
281030277728656
213997832549780
10341444650326
7532755141697
84443553865053
88607136377409
216619950298591
73879238214832
242763899760547
161745802956534
218112100925408
15420674660642
47087187443580
247191768890046
8409617571757
20696985765191
233993337249887
91401535028172
255742797996772
276042427203683
31714552740819
84587613376852
191980673861906
275661551137881
113486285638268
260984162005044
302530751132
75623411859323
213406887370090
173356417499761
118292779200003
162616593904684
97500723370184
148471951565439
246980030239853
179274759723601
279239303934921
31450062381663
54823951789446
200383385725848
182602738465271
155530865444487
167098964745906
19109890119557
262887003851204
90933876361116
52011559412100
137479818641240
163334643914866
182114874446589
132792169792660
219306007165633
273109086186827
8684253169184
235812117702806
70934429373277
177641867977766
206480894409145
21667737043921
67879738263564
203549235260477
77638149305526
239335619747797
167624369032470
158278756845910
271557734281738
62350538676626
50538353788697
23069013791287
96064263529799
41803643019950
104167278088907
104469065069676
210640744378632
276057602392635
159177534618771
45207656344929
214763217760044
265513312997550
190100324812772
90750203908804
212095358823648
187453348100917
173982214892403
99207256574273
92194670421883
186887177913426
239339796304188
256067002749058
248218179327527
236495189344711
231367236376909
78756083725451
17663714517596
434629319898
142519806252402
250786118212446
84644300138027
92978872537822
250668984863904
230099682016241
74136016712789
253653238969622
134795423234106
77871479234677
115496732594238
52949254302433
223929148426277
29551078763247
128961784722332
156091162963001
245620937809833
86363835370522
249118755555595
209762100463489
215412642927394
145036367416993
122552354616164
112639041298085
9094176616071
139141439704229
176949269087973
156187265901959
74158644539832
188799256688272
64597433764657
38086776743871
156689359359137
167110934531651
224074042981654
124649784508839
6342024603441
129241271676290
34708535774760
194999896696252
82461017709847
170392597708230
225045511971373
132994296256845
3044676352854
2895160475722
184112330920281
75599745627508
95404774475434
220581264263286
85249859709523
270428300306797
126746129150648
194888132279703
172227670125335
86260703228974
11645818776337
178256592755680
59695252654744
131329671474776
229385376174085
42623603306951
6217028038466
138038162685812
280919179195204
257067670725287
195089001690945
230398264829317
233321947568725
70067303016630
49292320060315
217348804473569
16905828958674
173924642622545
43489864214300
20306478124133
129788245497469
35062233509772
170313059126032
93599335984368
90732890160167
1141228504348
71372985585102
155640738733874
264251097155933
42129038972301
27000164568337
175745222854862
36498773297129
164336086858440
251797734137892
231307310652609
204564006286893
270929164838380
193508365111004
92921273918506
23308148115773
28532671436910
70534443717729
197656378359631
157728442459605
122046509886617
185269177721804
110653002505475
9249051878684
157694677404746
205588100980623
70270449763665
112922093606965
197240824412177
155032311750831
655608238202
20216728895907
61932040831886
276079492887761
220314971106119
132349609416314
37840790197806
41366708443921
171165058439586
154914881913442
164556806630192
261184571247280
246517275783050
70434303140971
102827374727928
134421450320267
250873741580110
17019268746924
113337655996348
202809348380011
96710555880732
130744471652027
77863968422516
234335291940633
225872706594273
128681393211624
193422317272357
217201808542284
69029738201976
20021326086743
278330013014644
211495821103459
148350350450979
235694844991198
190516105937808
210790903586801
253411327200610
86766283201466
249716269252711
2755673855251
142155530315787
153640597413133
250757547387946
154581915781023
246896001657017
178385884961079
169571086252073
181595854290719
122509711251088
49981741728500
21002907690996
95781488228757
278490662359363
221246677843790
3148069982420
266626152424735
70938821282428
165393347979878
67214283972756
150700805220696
87756745770625
204808912704252
67502000887184
127334578379929
41929105317690
244850543393498
178019002352678
222819788131331
40842977428348
193210482546692
188273731081057
262908323379540
159722258510759
103389901871034
212501902376970
4503876016025
20087209051798
36758367753546
261568982915320
123909066018979
56525075932127
194068881171892
103544183620024
104590419230805
253086430988893
220225937002266
251860248473988
71079178090427
278828224990225
189132618435335
133903168091274
76525301169144
196802275135060
175763618450044
197520076695937
253404437758975
35723433888590
118600665132503
91826788107922
103410618826012
219827548196811
243913009204100
204319912857737
50168173824338
13672132508757
77336005603452
118874089022564
163001814432641
200619779885481
276760617818271
166210382803234
30868021337445
127010044526187
235560884779215
149207009328108
17321598986846
89405325850943
198210843883239
51267629849231
279126953121034
76544918268961
269911951125629
180149297953084
63204281024690
184221697891351
280568693647730
176631090239394
99719435863425
198468891714606
206297428160344
3990376663383
205922606494098
12794795028678
25869392213664
84896311096970
275367030277321
54831611101750
143437430941859
42553972988426
136890993963645
14849294512567
125819941970797
237387350688673
255947372078322
119169334502818
247974169066085
226875442976692
185271052253350
139200574430209
224906138678462
34059300752448
118417560960361
96533653891179
197651976867001
277667030691611
182823886469194
123115328925491
31543654985655
74113443225230
15476659921741
38432428223209
19763772014877
265009343467066
35183176378618
54214892103205
172970997635076
185764243424590
167389173492408
71359845549736
90647708368832
50983564124176
278778927840498
95657208905673
217887523206446
260847257194417
22597226424088
106554022206005
19234202922201
127551385064563
114502083275107
190461109106171
88831272405737
269169266886691
223128768704887
127076009083885
41820823432173
214769761654493
222995201615046
80267655857998
59490629934436
242071749410337
73087240444880
188947715349967
187075195216423
104171891168061
224368053936938
134401584591583
193486612132504
10841296174594
79087450061659
133157521672011
271142364346022
216289302723017
94935210072455
230682261664039
59108267593373
28095782769868
246673237862115
155289755622418
180861962538186
202140427793355
160159331187978
34747729839044
142807193384945
262846944054531
97434379153423
240424634350311
154733666830729
62610905362290
254160402236267
129320909776207
153261695709650
189585191614581
61554770145207
156624860167791
219495488606904
149602281986724
1778962358326
41756391543340
156718658978438
194613194759952
76602405943344
32242156406013
192962353761381
44623841403593
218877434137119
208945486399830
1423737155248
172026943623855
155482492395426
60199179529065
242061296589851
238890448728737
108130137420881
21339577354034
174793402235807
91168067001578
95687127644752
222123508420313
43459267569470
171899313830160
67769051616703
57232425469790
103089831505306
267121838590694
48339540270832
12409052679320
186017004065362
195175091168241
279325744243060
125702500698242
133331260262966
243742349093412
234066757017844
117227169038558
207726742733134
170501566111202
158528638226144
103408516089631
115565147379363
199936403196245
99188542936289
167229287466920
273054921300973
28524203741975
31539121213227
221619052035934
254504322553852
99856366662437
6278801133719
147165934534786
59761726539007
50303240352809
11886670388103
216379988307938
259116064133526
262480454088206
105568426666152
108977058137945
158095339856052
28453007830248
5481575736952
177382871979161
194273410156883
230321092370217
56328525181860
178482401130574
103301918594802
101722814736423
266491812603183
264381976783240
191080265090543
181230119385848
148960887129197
269559873401215
61768837646753
203146543928976
278659157200336
142100540976542
171547086621010
80763134661694
181913557283200
82015212113888
274210281234684
50180340851057
158886852072391
113893847555459
130655633021919
246303186041803
24179998133836
235248150179586
205265359191777
279480784009101
89406902037785
266398422791272
127088792666052
222308519902281
178814264504702
5540460637931
232953851742756
188591759017709
49032009043890
198041878458841
14485229583179
186682870506260
92565174759252
152936664770782
243014558033880
269253344295344
78753036316339
137290954723466
278748053476137
104194340814337
127870342421993
100015838264371
194701150813094
242683110768602
16272280338374
102693704847143
66201385897422
9135189596726
153922644037513
177106214454563
114771004205850
178920603927330
43067510782060
183339368540711
4377262124468
11978049340402
108025202056190
230414529061268
101424405257715
220923321513158
138579944017230
257445131017882
222482148047283
5886514890341
2828907517667
172933162069235
41235804025971
17293719666267
63220386132618
273895318301177
82601413260620
239618682270330
198503266505967
268183454926331
172725287949999
133012195200664
215508461772552
251213330057206
139653863466748
184010043740586
1508139608909
8788365887625
241463119816928
74801187066155
218729046984389
277631433864524
174978398687884
230776000754637
196256787181794
80253596045674
64734467887026
269192300770438
44145047035175
232986849390993
39199834226014
272012623471588
228807855585191
114753862303278
90688186314900
80197243004083
22612219337291
62558430901762
216854945738179
275318872977138
181097376438000
96371966422263
278569193156616
74342221975070
266843479421267
68510919214166
139318635161155
277264058065604
202015719219908
78583970330692
90564468143092
40549733621610
119013043869627
58949496821135
149093446430452
103080490241222
230939392340007
186526987157195
190021571584242
120480502727744
117239080944037
192402551580869
97490048551367
210052534728911
279834194072685
50845836123455
179298256968604
246762780617499
24831040382250
134578343164412
188546738863575
3144719643894
145800852776073
218389253812261
18762862561763
136459706580768
239354331264939
187600907060976
133047916646076
79163462569054
261604363973981
178699985900965
16377451236952
144369300008932
101127955065889
157630753885159
276111190491607
264199368412680
3073808833291
58399173830998
267609814372739
130573663070022
146692805736810
205912713987455
187171699416230
173361599481760
225144555514948
49533476047123
98574094333484
23484203225912
142457303372701
278213862879615
69033529123859
53043625231185
163012973395351
139133303312837
29285845623215
109054129644176
202391742574679
114797722160555
195566829985216
221370958319764
249653680661444
96126099562553
85416160229709
175465555263708
231192173200142
83905448613515
66788574088285
221624586828542
143952298504714
46420116443628
84810697810296
83803315624493
203094792094558
64727463593796
96141177780213
231891701583633
135363457745015
184910877917915
197734631341861
45220720401899
163570315486297
3834717544291
208123110990398
216319222242062
24156363334199
212593248211031
95386595391776
62461295851170
227763062004956
203297270373037
111602292216808
213235936079041
240225839721703
183277939988433
89592745112148
204790418035412
19252697341655
188284174694131
151434802286320
44965573922644
162557002003683
222145323480746
278020093120545
52835842154440
75829688656292
118888419127005
177704250841326
173308957888544
80279489941397
242182441617414
265524483012778
100492089673817
159101704247636
223933411525309
114776902432611
280144671047032
77264114569671
226791790996633
8081560244262
66185236675530
103907656039422
241426595114078
234606715072526
122927610126975
19570979655923
228786863930746
98164922465070
22105869330065
98214776700177
259724641905622
38051058534201
86687254089205
127792455328145
93363511335152
69954368937743
109519219766313
114205725217443
157958198131536
219201132790024
69217484344070
133261791074666
12328705662019
92078317723930
259565898061029
196946190528962
165757814594022
140446062208202
34182209939483
114300722728163
252596418323852
120509112706801
192210539999930
183556893150915
17798168150886
71683493000267
21095917023915
220841354924117
22671422230406
182867671438300
258552119671572
255751400693393
88544037500202
78232672991009
134378917049612
113220268948051
9243408365662
96457229470741
40110605671589
109256695109376
252156707958246
11550260687358
269667334225726
79886110744067
126615333059969
28534787192855
28938336780849
69318144240666
178313805817716
72823037176062
112767190146241
202376854000234
77480563735405
218745142852597
226931536304742
253493240321136
166796750921899
258306624659705
261222331685472
71205935918010
196335417364355
129846532913825
142597023715746
531562840941
24984816653609
63093808668626
259578424476933
183904902053285
43274020263379
144839674599746
198468262810829
131570915651231
191598189151269
185960616831433
3502869785734
272235045559983
96190620363759
145941181726595
43466593423394
127234801109775
54533139687744
266106176504774
21333113248119
135106937758584
55425702309565
92429189796065
243977350984448
104059549748619
195013035196757
17358969484207
68990556052729
202156013117711
257767233600319
12482798661884
23360443689150
247755308510201
139197631089223
61113657589428
251524704796554
133588345252934
264802036068205
2686986454761
89928998985335
249800176179623
44844302663892
251325887211425
184270419448534
219363766344442
269208815298558
233051253175678
90573240811738
159058423139480
143967384772960
227058933642797
113308719833222
260529735499882
255926189850426
95524952040615
28090459848189
87729352735448
173349969815755
264128439709000
76614520649232
122888687547011
277088146675147
180408043534000
254649684361515
221886505162444
220129855755326
142134178042994
180108860957575
30074791003698
179424580634509
26289970876827
67812718557364
255812887238523
164415623439098
276461317057793
36960515666284
271709999796658
154075865083739
77792645962347
242722840367548
233784022053353
235715251096875
24567705796475
176138569396348
85837592701150
185809582337508
13833064200056
216394899372047
272475292981598
170784149902516
226457463820254
73264530107266
185075039936386
45405386218870
143513788861373
62450752658156
275720080639417
58101190358019
95903529689587
113292083719975
226209674038438
141811008330705
280862506384424
202034576451032
216620066285763
57572779174368
51181531462306
195298942749377
220347367900131
102781327885815
33507861393385
4214893003885
142527320947064
118027812155449
12561590689850
856944167202
246581429001137
197690684209658
201857054837190
33437972866346
167996208835680
258760457602808
255040124508360
129860104894570
176628848601017
194120421298639
249785855569765
78182713865541
197212490233559
3356749392335
275385245623906
127006630323670
229599939050527
219938703076633
277737624176291
951128679030
204995888631138
77379361494283
209989770858364
167399242603666
132593792217563
187224365017345
170140940170203
9904611252174
236302076503547
144588176361313
260466534570291
218778574023556
250504036243713
78212517700092
165576979127106
111395477422977
124283989717605
226441237413309
136810946300065
35021556784930
168301489080853
230137098744741
10762078528042
92430824411832
58249929747323
128240088412953
186111773810984
5007497233471
107765176424540
203898694073476
84866970283867
94679329337698
8138408691070
10934253184580
257390322854602
23492631472089
80437513672999
193708618963431
274251471693410
50515341528068
22000670094182
104205983225018
273951894038640
56344256370669
165278656717354
182739096758184
256754862107868
241605975708295
214538082757682
143627183077740
227408487931713
140595609018183
231121445996741
225756259385863
56447910389195
175319982534409
208069603222586
219506454942359
180494267012334
100838967495756
217684648206169
164414391798130
55250898483428
276893133557935
261215416750205
210740230659474
266592115739907
114454136876241
135053469531541
194685112260441
139260888369375
194107368498034
133763631130094
64143932102043
126298848137017
146517209369833
63226464057290
16999418694399
264487185644743
210183581209584
226361887119820
80391565933226
32845311155906
235743587203250
153829467611700
250263584538437
177104438736715
114682503138876
157260626403306
67473883612738
48279754194845
204299343019305
63384353133139
172492867244673
258500781530893
51273366946480
187925142187523
184070137264188
25210840283362
230698778274551
84208486145330
258473555468871
113014683605747
230855478532794
79029208873481
98530834304412
167039573265688
280325970954819
13672744425406
215067061275198
258509915933555
89389437044142
226891320735864
108189342384225
184193092289406
108822977735297
4704361502225
91758687119598
163276371040491
264869200309907
256719498960542
23480885907536
140240358252638
103258156734530
277253608189896
13544418941328
203741557122793
52060518417657
141421296296182
2520508594632
166650220505440
159609214705925
278894713108298
177701344525023
267660826073983
228273461097409
208820555641709
275172904204692
186325164991190
244676060008710
88398270645027
657483360485
30677697878674
229923503433973
10883967651003
16171482107062
192402424778764
111395135796749
139269126514505
102641755193297
82844267022636
130592525225874
13190737191086
157683205762872
245572828772763
149892809235522
89009132664948
43894473629120
241507389754824
69354470430555
192567067026555
16118087426048
198713081193142
255083826844151
228163650833772
17947987157137
110479158037413
260752442092969
31117537529358
102513334311835
254975003135613
109323596685949
75793011964246
9502596342709
210913499080469
141657019563064
205677915312731
153420411919633
125059310634312
33460209785843
62319092158984
72654084375550
7268660332751
64547715314428
59579917395373
259024796492722
153745899637245
132620740561171
128291157568854
48396539453294
159653480878651
172799260982508
128819435765239
14432174140392
191309858152798
21396969503495
2082412633701
134225956573708
273806176299718
114888540686550
178974832577825
214055087845895
161489307046485
227954462817075
44893933501430
29893929483179
26482165953838
173648828072235
42529822379101
30359477793561
54405382643785
226029565171980
125521646410173
71083374753219
6089285605334
138241175688916
186858853674610
116726694145461
215252215730542
122707396010210
185002125970603
101363601972796
29985364588309
150846118638334
22690719885328
68780146531530
214626468489487
94459745820081
232834408458817
31917811126847
267677229660291
143787364091114
159818683133725
116583758413423
255401322016231
106830762565621
67213804832991
131878004420615
110058339434829
114480889002176
151527447574790
280286989750198
48573143458666
197080586465398
120093931747860
168588577035184
151311358309762
138675956562782
180769511700753
82134331198585
220120459497237
189493626478617
50421412157423
269671134796295
204948624161637
73695909657124
224035895453355
247450796978732
57658841397189
262768985684400
147724149535310
66596439597146
158738995459773
133502887994058
44306145326517
163783235485612
47604449599486
98001240312780
212339968696365
104303068119625
252385921043747
37788135546924
40453488859612
126119807168271
180361521597763
15608314028426
113489389336570
155734378848148
230446946116435
137912605712668
114299214432481
226492633563252
239012719904094
122211874294115
73542037097952
63032366207983
190660526579326
14015615914545
241867405195500
61564235263701
72613303619000
32505709104896
98016384087065
22361998932683
20516063142806
158415668519320
184829944307168
141161219290835
169640043162019
272311503716357
270862836778048
16653474411055
240094139979683
10884755683808
60670447365283
203897197155722
238074095836845
35653398146020
178936059531422
99332416100479
32393412993036
204976780478931
55216136788853
56182206941534
60305764496112
274424957983661
42889867456123
114014412949843
57545947816433
39260092447802
144026079599931
140703192157901
50132964076128
38222442339804
154882324247152
254235424481859
203870515691632
5128404386231
87459090606547
121478765355582
129655383263518
136847771680554
30350031942323
222374994132921
144844287042300
104652166661266
4174948791137
20754037129424
9189779118019
45289771716192
104067221390187
73066218110911
190725458127790
129895835087492
77061003571363
204834417993774
34495474259638
151154806953505
30945388133117
211060398423506
158880589841038
220443387344784
3011109967418
274713678468187
57109459127929
68130126603710
104994131782495
267594854389680
214440227392490
25653790458572
105140757174274
175562695705474
278271505580536
43382248163079
125252735184228
228565138827814
36379938401186
110978544353330
219594587467100
208886382866888
129178322974428
114331938294296
238641467904528
145401961124581
213405857138553
263722382515316
249248373295489
180480430070556
235266279043800
105408373013290
107159290196709
143971974278733
280873922921320
65921418101960
169785279078865
252607847743238
165100422527482
193280317351523
21163820916789
135442911254849
125469442180839
9325170845112
25949774293796
90857510001014
124188106854908
62487248951719
60015004496497
105539508630005
267288435700804
94701860842998
214705338014232
274877947144088
103497183509907
31403439923304
93770332814457
105802625094590
170523846128112
113368170546982
77424913212771
53268212704414
167056512599488
205699051293044
60876703880686
263578952195297
214411926430926
208009571197364
152261304844324
145152365399957
164478892157981
200239852921029
254660759441533
207024245319783
6085292945543
26144495233440
203387772543021
219115446396211
18572177225522
262812206904150
189273789055542
204262667785959
63441089674196
131927090547536
60496125426522
11461243478440
4126019579073
149444979380203
19748396729045
25479867433307
132441562213330
33732034475101
197792021054688
173988689822572
182269882076951
243744164921577
243568382092054
77668354590703
29914631201620
154516740771945
21573958365847
23385892881680
124055825753692
163907327464480
30036808432390
273314536850895
207150411139372
145274135547623
141316988385618
69048528758288
32513506964964
155839879124894
20218238672465
32661219645689
56160897565571
7670364347123
110815928553001
49452085420704
180383514100095
255430601824125
85690612343439
254088115592459
168691283014691
90814567932188
114359335675852
52587826787965
69567924998342
7136551674294
162573595860123
219085567799317
79566305739465
257933213847608
128402948913106
237891868254398
114017170892655
150667577819631
263149926080989
120062977191786
236497956655736
159081913586992
194880113227018
273334491585699
235167751342747
90046810539082
186205725918623
224815882844011
37003652975043
74556973489107
151339994273225
176627345598310
142949774442021
139911409072184
80602791288406
20077265331548
69812937837602
76025766776999
182404465413436
38217135128328
183005195962870
129250717198917
169912498766329
197264140178995
149571601711168
25508034306741
260760868671672
14749019824166
205929094639439
233781539350509
181305154388559
103946074351206
166273211648587
135088492035165
152169999488264
57567750506436
135222874322463
136003869440871
192781198899005
4440703415484
74892978540100
121459383831843
253887028367295
184350070534689
241705000952398
155542753932152
77436458988822
237695551953695
186261059433297
60322620834177
187948252722822
202118078356869
28118480959761
117858408652098
54929384411631
79367326890344
31911196237065
89566371447989
209138911231088
270239196497167
189056584564535
198705404986902
133568865558505
9059389696819
65603850793414
143276686689683
84101714925379
56071182952587
82760334621051
84186832796223
113107911570824
8357036936876
241221935256569
220079380541526
206882019900881
140219298136634
267147527957971
90133211416536
145026530060541
131541286944354
25459138161265
111623075492460
202058951696960
50667842048171
237685895454912
42854080035224
168003310161016
220891515164947
77384366135989
240471392843848
44663065541469
227676977025153
131119734773407
118144843161252
192203722422137
190427941272960
3886703019852
256118254104373
58583494786544
55737982910029
149961884062968
2429937910622
15114495229471
22664637891898
43609942267666
158734932854048
80497504050692
117612792043351
4561597915341
12118563812403
71006807651704
54569460387445
222078193954948
21067108984173
14600708067645
220805700180336
38517481225965
255863540662130
17563690234579
126599190624212
75229211981078
265587074399684
115818050440487
240956550922435
105598696977473
62880161984531
144981959887371
153429625592892
52987739917693
261581004995557
149296769074820
129594836683172
125608830813726
245792416290190
251792820146910
119611856247205
112541862157056
7484533607027
227750028014237
185775330783584
90512183343765
277189836733349
209525931941429
76345550245095
416697533899
138603846195654
259030590325908
215061854746125
65055074555072
264383563771452
237100559893629
149243772113545
94220023984190
237299809277116
215014189659057
97997830280540
180761124919573
101771726519071
63629576182254
252537526470807
1391697166650
229382613346440
142114724426675
63978975660390
79136852365240
38249770954971
49417435148769
84742739020397
239865946594677
118132512833923
156419352230177
131673391747451
32660060011460
109933164878473
65103251300896
267802928543622
276076581988807
255914559360763
159530517019290
106875053451769
105387426619810
139127906518688
50829923025202
77806623648338
205617261333117
222786996484866
130539192167457
152123452837652
146971562952278
24675548627138
15729597391533
272950908125440
200792692057509
230612004812352
110169431589492
212846797963177
81352543908046
13584613397905
39683490471048
274516950866256
214402408013666
278714309946052
215674640872279
28400761845265
181152854467380
141452134110074
273911236199016
137207409626980
275004718243129
159450903430607
70828534133731
249240346571499
228267911292222
232557665273738
94985870977521
263384912658575
200568203560036
13521143461033
211699513637085
190714007613425
73045306899067
183574973070648
75756931426071
6748978300966
157642448451871
52965435794801
121361354552828
82716449106630
203339263158185
241820098331450
14560678941038
193560265835854
103415180402936
279750301058024
197509650800962
226405072888007
44191422952190
162027091535188
61735629896824
33126513202382
67834004480035
202194850250053
60972488519750
145511791644633
223438267408507
50792044392741
157277336387062
215150813745886
145387407875526
242370397322758
250635273590665
2509761508155
31371611878720
85202668025083
30380259436601
85196572744952
225282476686153
50648579700157
248268953750464
24782888618580
231680373159635
230324958100130
41164906877553
194488827858854
263616557638057
191293746482914
170177870807592
232004093612167
255052975450491
242570932326705
59800181265150
30608125937492
5843525186246
172253876270753
200472487031000
151430188417788
163497438548869
228306431509981
25677633813438
1074500559391
114346170291634
135115597601451
33155256699147
222041027288441
90213885818780
80986622256328
230588934398816
18350287617445
192193755131140
11910758311689
277874322294132
110165874482986
239111192468758
50762312612564
192378888085423
65046682711511
198784457760805
82586476022503
204393737721487
118013032793206
38826014050116
171706006426988
58495397790697
197297732282309
159122049193122
140572437033061
278649491338221
53468667857611
115817681386690
270674914984540
53587601106184
255660565868401
174306372316283
43704629036652
195261736046472
74552369950067
39936645153225
242263879077274
185435835472409
154354950302878
128596004556402
4544678378103
731587993871
127664634440287
13864878086778
53265042687003
253292344407684
158395958606241
260682064944991
25328383080296
88590295899452
235712228622075
30420854213939
19805987910562
127747667464036
40359341257776
37288890647674
176185425079382
83998938626331
203525337360380
152436884037086
251087614011534
28430426929872
205221763693107
116419129369265
37774740489308
244043604076645
191835722506543
231925408174656
76594631307435
245360723070001
3814665545616
103891440885492
102113264954987
47687715103174
148946741242443
188867751079752
28574626780931
18075357174158
262837300271619
240597449186695
89310603499034
176600723200051
92238239907520
17320845605217
138984106551981
56290872211421
194222672654054
269514397140047
71324036819317
250798627193400
111540970330760
60905386407617
236402456508574
20484438211411
201129222455556
9188860377127
188357756031949
247609610245448
85558082567157
172329567873723
217699792358263
201430575790518
196898944692332
191050935246380
91489449018248
210950770344974
241542165716868
272536428321546
44804976358231
115678447224746
168037926410300
206077376682766
63119069259248
255209730098875
38305221051050
70950604606759
37215852346281
196079490218497
165502991947380
85604167881569
173738709690120
5153894928216
126670480794020
195291700233621
18886811742456
101396196009487
32101763122885
207270416330220
2702151349332
278749328462870
103280889018956
215276958058803
170402407965113
120969620611829
245863268222817
175248948514297
44585943022256
276395607264156
196186986220002
50626170379913
173617743845409
57148127609077
224688458167499
230439729059750
17089909712413
114758181087064
145643265166560
260812803147807
62765992994033
56027203492030
25146351070122
117483040862770
275106713380496
260063808610257
38679517675210
61120891374786
231097661968966
59421031562689
51159174367635
215670413558099
115327169324483
124646163294196
34293192613884
147842200088800
7123584266093
77067634034044
216277855447773
130012841388927
30288637055496
34585723286629
83164460345724
161289421682895
203298200930222
190512548496845
223010617159024
100300408705856
22934976157972
106622348770512
202588538215371
94842053732897
8930871224096
266800899150145
124722274397592
152936527405188
162992364136145
243280104600120
199460134023599
10809583471347
97407164096117
247130330595174
45359689353422
105919203571180
31830447892527
139004113931591
233309345589259
41035336752701
79845897811662
138689615963159
180597168298896
125831997978653
118872876747763
119658859331999
254505158491818
109367563692580
204974769258377
26273433179598
231668608451370
169903357660685
149327810837640
19492683842344
280307034156816
206031056024647
226728158512145
55299313755895
252055678213260
265901457071191
189265592805582
25051290552674
115670051502155
113377692581903
252021911884462
169652659416379
86810159465750
229095174523018
103611949743337
108460938561205
206498120062913
246517331268355
177880000345942
94716773121747
208239655770473
230184626615669
101603284362772
36855692374462
216997099227139
245491301462802
248941668499580
195581692965079
41434426881592
225313362364799
184870613406061
205291848531620
165490765088921
102860972057834
221933888993759
57140460082830
198533125454103
240322901830125
144233160190923
236622897996644
140847628309974
161046564531265
202436459393118
181212556690879
244590809349962
94332516481596
121595295376006
105806033294114
23256780843942
272904480837418
87508485501378
16854447969535
90732326479000
234851339526249
47096359149901
139399860225401
40648462157661
79443866014562
123206596020883
207281927443972
1900090754586
56175988490822
203188486723574
170701507751372
211333377517451
136307307773091
65744117074151
56114109964786
33990279676678
149580712838344
97748917858378
106583714840725
63665786357702
221190640046322
19362335422255
70056004159917
26212970018441
51057971333973
155152046053592
199688908321717
35810763465855
189841610347500
163733011604492
255278218880295
176224088276364
207849673161754
24244594212547
214544327687108
78317439909073
243872675744542
181189457632794
131235725822130
184754724598925
16456684092245
269395348754071
270381160959587
208358629018446
93574223313997
108898627563715
127649031472977
106704460298858
64033321283495
117739964413200
265626735190152
234919736741587
84375003704266
54163215509262
187662684403971
66448552110642
170797074217829
273930481197299
178677204199122
33729087882070
66135495220931
193397521617264
36736066941208
256789517279988
221877117716201
106606951447769
54223157827029
117985488578229
244728279423374
210343205895067
37580445320320
97921081065363
173419960136667
177303041062657
7171637683055
224452770591881
48005149319935
142763269370190
59375893498136
211099682168466
54317436856717
279012281678878
223261060383508
161261109357556
101102126726580
96621417005093
41359350748158
152634007592164
242785794411327
269680387586346
115277188344862
86134174615408
256749902245991
248371746994025
274888400140512
119281006663103
62937507807094
81060961279026
8081339601441
231585780499873
154461739171644
598032867810
278196704529481
94018280073322
37167675026252
276242286121002
17749503372085
49590538986276
68838637154323
236063635262371
202150221555444
130859393413132
188046235611835
84900270523578
50001398884941
196230856908129
61384683407320
214983175308255
265736676841757
73472894356351
55429552454386
209295439422480
77879921411712
265703876063317
265907424594642
114948609971890
198136897698508
115972162426397
86844268800164
18420101881265
146773125509981
206561006082412
42504514321905
184372222578938
80459723300907
241160053058961
239555757416791
75805026769731
90268993693243
36971404170822
224464999441699
176317116464927
62682987863763
221694263340969
258226781489842
171502112099685
95898487706761
128504474903696
34799359805600
199585184788455
85007547124251
181991208253218
242923682302161
164351723102073
138433224536859
75874460810957
165443341773372
148127263960647
156648828090473
35360287433597
79058182127764
270140774236025
258656113161854
113186676826925
260038718820790
269572670720302
76074365943428
46995556323528
6460947634158
206240321493184
15354972804166
253102391119702
26125973831943
37199059995739
276048222646754
271141315074935
50459624157747
43799394539747
152755222036829
27400438808633
92289963835573
121416367424554
133216742778614
266352914096173
29091260003948
206697814600824
83305454515030
155011455595231
27471531348513
134744803147874
220489297129861
231361709194893
110074016008359
62086568936174
134561387077050
20928283402811
33727123062229
44750342998538
54803851176177
146439402000398
252868538289218
176598474474837
141353070851674
209505393987067
104606744970714
168622543581748
68037150793870
67020958119110
199412142762303
55865656124471
4940126646942
246184045965650
22498851221248
48440485610450
199160927841772
117191757481790
49770252747670
122578524342880
266477609387733
5996715674577
199254952296759
146681324292735
178531481740588
209370942121534
253959532543614
28830660470450
125238538807174
3909786539567
277144027414743
143155145856344
84864767810895
45487659773346
204104223293893
56933335262453
258335002725310
256916206702876
248768212594931
77462328127941
69878950832772
244027753265957
211957852499737
275084883489189
7735815775842
8118019897365
176197184820907
54393347713610
73022233436281
82852999064372
92274549043038
266969417235140
195589571194238
264461741918508
192708458723450
252793113038426
102494184887725
40173550836671
13324961572090
240089362623658
17668702541207
128846011973598
219707940936325
73511565158949
240240459914684
97024220637187
213853372249127
197949444650194
156651678340086
182278716529378
248834994225901
117483895753320
73047611969458
27593671864163
159282989565249
212767896567727
233032396611069
231057396995319
63313431753758
208888387599165
103795962035804
237094025595952
226753875180055
142996010072696
220773907752566
156752271240373
76373122004257
242936385522925
62169471516563
75221025971582
24632081774909
202917904487416
166445811590626
186745471082080
209294979517416
185942398224315
25650612857235
89079000432881
69836262270810
110613543499105
186572607836103
57607583590578
174590055332768
75381097495737
146379714481989
50765000986767
110639031642487
219407984201498
183455637378822
141010688918959
34062032521476
15571471152792
83308793218960
85503150221968
243270655272017
107272969194639
132783917527843
33182658753910
201638795049639
186528814662260
126523263690158
105488172428587
75814639566248
270147222330112
78732147120541
245970299613709
36622743966794
270109513264805
75276160172148
92513773565291
125197914708368
143984708872276
137893455035704
234440179448628
96078377458471
22907353745300
79709781175210
103558907879161
137771871854015
81739430256616
214014955017296
87942911855670
158559279764804
113044968151429
80736394853204
260925958113011
212521924243167
227529939857243
839715427369
246535073227444
76845338248900
155439342334569
86632283440905
198198398896822
235434856559069
228650823713893
105282398203965
96979521108859
54511374677043
114832136724143
178054737175099
177375036639152
165999418198841
86653824977823
81059001294733
220188383581009
82525626606553
29874141801236
224984894890382
255535867877936
27916026486872
154114611655260
112656510817779
142821374929090
225733380135177
4407518946927
165527450573605
272800594648889
203291745163216
11015977673841
176988658173806
22883638932984
52826490591858
218534608280457
12012342797297
144878341616717
14903799370939
150337749176073
34169408334711
92348391914115
49824345779054
72163018021093
122102425980677
133606302299967
264461412711175
10048512565365
85697944728651
85480152166701
206737354363473
166376812210579
88925101241567
13591994696196
134826295751620
224912850470394
231635993106754
94326721501643
25878641415356
44042363198466
128133130413759
190485230581121
5362483486583
92246606555556
168050585669143
276315235053064
201421800076522
165668299210190
252826969635829
13309700697184
44091113940582
105206870637329
218897062004800
17592725417275
94469964462595
212947539958416
260954550339375
30696207811544
209405273680875
265152914171721
221702027197752
181590439679026
257015109068904
222411662278829
21827291308489
12978937960834
245195287008453
81690523851141
79075377094867
12877750066951
190687743985158
21464798772009
37460602297377
83603537152299
252104237303652
259394608857094
45158275606665
233446928485356
29609090307750
66246986635637
38028329783010
158499416076702
114212419102525
164620775770336
167719336184270
228043215034106
256231025418044
43172131612221
100707422161751
219891546762617
71394577799702
79536213139151
279972532172889
16749841349638
20835843745334
267528437002302
97202375076283
39309249797371
150383193998683
78525755240193
3394275208059
251740594338415
229529232224208
4635689665295
246345790963079
23166697413077
168710581652842
19448453196011
160093129463402
245965055233770
169407737118558
273624913096439
280178151382212
85837519832054
12381272004834
115446634739481
230292267822486
230485306913880
45720000830625
197174665247671
275807298591323
209385066493283
201641036646906
85100866258937
47286488983539
224250189818513
132576397380374
92266523638112
101850887802209
165448267075071
200572959311560
1323556603568
79501462681936
34170250160953
209506745028675
65097523016992
263498588916335
80444859262814
108725701604248
5541152072423
20494618826399
101793514993291
129446909243403
12245574056976
205479987652074
147588597719704
91105655109431
29604400547487
195797595878733
93833636349996
95317286531581
181494905002505
9235500217686
68401437907220
108326007797319
71815793762811
158401972701836
29213675035898
99886900271008
45996887759983
107639993568425
180860044536411
185481176143245
204707634913045
95614743202470
278022573847004
203483742971849
273555971723270
156446329094806
42233462338279
140107837225281
8876958280908
260160188541517
154259000935573
260833672079336
198955220878268
166300959353567
132262514020083
139146543056477
257449244915605
136256467623912
170939462258829
193249748130904
68076254888318
219664826751655
151195186584396
142105801483248
109180642176072
120275537551336
64374486045863
272917241137838
199086617729031
183389723043776
153454512453152
174364740826220
195867577694453
118406654025236
206012699069713
938762745355
136965421290669
278855967450617
262928476273613
52914057747957
97996689967279
102520385343961
191836962158095
71641059141229
56542554800949
233797938358898
111200791103670
228095572559284
28141568543071
120674654481821
250885458857682
128033858559995
207320049529506
130618439551979
244964614142473
93178721406757
266985284462996
4177245513742
120543564222785
160978629338456
61437881789697
117839961119762
155814526496412
237862553592421
43000093545298
221408993097070
173604020731341
233827834134002
5853305602624
136964501959893
248386597044658
199323947753862
62455958091233
184112749759465
3267410038338
196095992015956
220929438399992
195754072958384
154925034573776
145053944345311
252234628070815
219428693728993
121936749969811
253600021543280
107679954611263
95077583931391
139386963342988
30183606270551
54547104126673
159827398796353
268072849806510
115862721554169
263608050900090
264037812858190
256409417421664
166508791717817
100457848270703
192565282902217
247366613304137
127040474430120
235428223785259
82789265927592
67699273646963
87365337891846
252823119377654
10390302021985
220881362373556
140624428825237
198040445710526
122780856032486
50572274738032
242547408277438
159424704598586
221701208798057
135574313298599
75330329012865
119006860488546
181527875685889
185145704566867
25340055790904
102943262324020
96103243748104
11344785873942
207076557033257
33487287477197
129803462809953
245796162479673
29294444260331
155520981175504
102675056930427
218172458196731
34905484570518
48690245556504
188250524570159
74982973522992
67570391910085
177724885025730
215150255307368
72126414286124
255229608644458
60294343957637
84675588132513
149580752880903
27849623886707
97874563499859
197315125865003
81704130397990
226981424476726
32875776703572
181665570283852
171364474586910
148934801559481
202409453864494
165470467077416
268972367325664
224016936886466
4375011853462
66533822505336
194085759985208
178044960360379
278324903979832
22790398136089
157544938999452
26180639300452
79572362298099
241882663248487
58401152926024
210366889748564
188282063660120
25108555722338
189889427748274
50187886815821
156377188074118
153707792989102
245123922621250
134403191215711
142254176067403
218579816580443
30892877683302
215591645713112
199682295878307
164526721564544
170007478279148
190068290435083
142363421886324
154431841094565
264424343862195
235644396836829
244720739712686
143338086122495
169473647400108
119361103688235
259993833638827
19861902865529
133977549329441
172074208083965
117860393866471
30284515499661
90053494520923
23513225734277
74042916050443
72425918428660
80343850082956
156427711188726
277796294025532
117639399252763
121863254322962
71137745305891
77236333025224
72198724420463
51764421174014
112517988534769
126787737055512
200515148064889
248916486835451
216281450406047
273230846589689
135632603092166
69149343535735
31910876214994
264700478263858
151419653964197
245911532989987
206712530988155
169007568252010
168799981935791
218445284175554
260420361804169
233994361999456
189150859297824
235727475815495
140932308535402
186676482267758
146203337969669
97643574637635
83673592199263
213035288426852
44900411295285
132063084575141
186177284561824
257298584531372
110296609891612
217632213246151
269758966142795
166240510450111
77759557082196
199141642066892
19415768844328
102408585944816
179793773121551
34146702880595
247453082401853
132209435967101
159339189066327
210664213427822
228726012081454
75225180311291
256720271165200
199615002713848
80406462016370
215020243252488
226364592166619
7329592781101
69838994917458
33715511340629
34734835744184
28886982912925
183028204399297
31229067365113
8578295145866
66427777748843
272664644773112
189492419800090
122326054611288
32538317869782
194085824675309
107410859428836
148682711604078
90174456694302
231610046394261
265642937349067
73143016603718
230316013130158
107637713021429
200188411216938
237029657268033
132749490383771
255754759917060
49864575365664
71025291326771
147913231836280
267029048063072
134120782316492
209722459706300
35235161299818
161027382191825
246648940680403
91726908194676
225481016527010
242940165268373
85454872040757
77644377227237
276674063807251
116332520955020
225558521874550
179493484450135
132177298913924
236949993486626
20330370827793
203050374653541
274351228850160
79012105245977
267577235880512
169515842511472
165892425578542
244360240823827
257801915065108
174318141595346
83650498645754
75864320882430
163338948318940
247086059382508
135130221264442
44888635733054
59258904493013
210595909401600
110072017652640
203738928800950
54283876305723
104910798836701
197996486953625
51021081895829
162819508279445
40964628911190
269286782084237
70523109672189
153461867365731
69602616237199
22240621811560
188238928088436
256766609574417
28710427245591
257672840918656
195408703552036
179377448694080
257893933430994
190498253595837
165000278505970
93410651987031
41690697451958
135126225493274
41436104289630
204852278361458
8815444286288
228940698791541
45126573255733
60875342257040
19171739586342
21657543571627
270045570449683
89752718611488
144875097422553
13627039248649
243981976332985
55111097488850
252829496059177
113964284191239
206279659166253
44021218878660
144774762826677
56413420759641
118477217085866
41788593444849
259282950282911
112661085862223
87878006693736
73571298646783
126425749209586
96586618017408
223834096884779
58566258765134
190267778191322
73343990864586
222553157940390
244250916398182
273608503399350
220217450541985
61335732919213
210777373091240
267007172251369
119712092185261
146429034331450
138770136870229
281379960010126
24602136067513
44843875072316
112928444419305
216796903895274
163248373624560
28690807021628
249797641725116
193372416122047
22399206076782
96283366439886
11380502736635
120227093416541
189171032480284
107076895130582
16370053690864
125377452867220
232135662751199
206964336322454
224747059386516
129246676267117
252084268434458
126638563314069
71303718489211
265920791137969
178281422556533
160064170475856
15917121181703
180793204799815
193496231184645
185899065596347
275369594394863
21512004027231
21598631735217
87566910705558
124214449224469
6223592044393
207018107520761
173395015997068
279212929009071
5127842320865
273335686016767
192730119656746
232269572427451
245713390666476
277702337026277
43200003991199
80859348451526
47848347184830
107576663492994
186641469757517
98555554814980
208095489404378
177687500233816
105797156728366
36773727712949
54890684009751
173825936686568
132159803170312
109389993293274
113375496097406
31441912966736
178774642594665
5440671028287
725680514547
72621938345272
161966007168128
158639290246352
252206035385009
33228859960336
146020210178750
199510398404672
212249049065873
33435511775394
198805529019975
215117030995963
143215610692906
166827063538667
247465486780469
56724901461365
242456299180470
72533439171407
232089168015785