220180616523547
157172035134709
132100099392097
249370361736924
123353172904522
278447765896748
164672061464448
136313767107581
144480090871655
80138754092708
10650894607182
54903724526560
237200130882001
203343844012319
128903571583831
43211233448296
131028620081087
254018194918559
262493745452988
19485869261118
36485808257374
76006930368179
137929126394586
205189018629358
221949898641282
165700584434148
173018300575108
141009385637903
22930435615463
125588694139938
211990731252939
232047437946501
244221871120895
216460122205006
223061993207638
203776336517833
199593444666969
84320902690250
163435410547530
85000443602763
100298747768713
32928766443043
116777623078854
66331523068118
78951443342767
35031127303103
156735274232039
77593346680854
41108650457219
156816024307878
197017562033505
215423828771614
90568618668283
133853958952278
143669608178604
29985034877702
106774171041398
75512223315111
27322559281848
85755166346393
167501608169853
42688833328573
147343497823799
116432367105808
126943521227289
189968234162960
88799949946739
24583762330592
35800411375788
58178746805633
263641520849342
15202940172181
2607180694632
126774444725882
87236163325281
171122840953533
52678383556426
264879870813223
89806793967147
38619572016363
266092870485936
147493393587384
81524876817798
169377217520314
80971381685877
253610477929911
144261956044323
11392210494961
113293855263650
20386697947499
201437629942061
16744209136559
56805883682482
251500170057550
167120989073689
102723430876577
220943697481823
147186709980047
80628196071671
61596538710103
268142750669060
270779621516715
251905881422176
275255295216794
202708818270348
152232409478668
272033658205675
158681151840476
227002382422005
117384381511363
397615075128
278250273035443
33381458945374
18050717878600
270215798550663
236238963055976
79401119720107
225253712975184
209582212965344
216956140418191
32749035189935
73041786439092
202737008581327
7742364669879
42725006193398
257564486781279
57308434343846
261007678228261
31385663376651
157878668530780
270856182662236
105257448720803
121305569452128
230215043849698
200995260370163
93374849410391
209949647186877
179415915028091
178132989706095
100161448422071
110075935788606
225757042022461
240334209843810
23960329922687
257282393755877
118212034088199
267650439847168
202734725887167
156757286968509
119396420830684
129412036672458
157062630942973
215190070869894
22804591249986
102923266731465
128392505909335
193734218657016
135147446234044
171529839716178
100904418918091
192890740209811
12805147950410
164734919295583
223356213159547
227609107340545
5603071857920
179540772452476
101016693048077
91406250261251
278702646906794
160489840946235
64797461233686
54742437532662
98719003216511
35841194762045
186806992785563
163550452157150
237235630172904
147107109534924
140636188010390
100519793830925
4747841459540
255648419400964
181267053952921
166540338014031
217812734408217
252134560727945
164939670033527
18956055432106
232566434709102
17055968752337
254897232848897
212267824812466
61558408502635
114404178678525
206880841515221
97063656427880
231461740268832
258657207893824
88788768171063
201402617105064
238178633337018
3692438797018
122088869962751
130438306749997
87458931264947
19657361926046
276278654307734
104095125410593
163545029811998
257013856554250
118698858592002
263611590759226
236143830058739
93843307780595
78677170125569
241806641360241
169769440578683
159677233028026
190882820273467
151457810829883
58390450372799
226225254516248
227656094238581
161749418776671
94351035102993
192997876593777
127466954397416
79964605381459
133042972722845
227162223026627
125751349414550
47910516447026
127680042240270
62147493063449
63651556528824
125423102603060
261988907917380
259668436801944
82510014783039
148533044357573
249891965807641
107148438425876
207039593358169
153692099416101
38420003313203
280113675411258
201607852628757
226723181089173
228462326221289
175141535741257
275583994135050
97612605160987
248459027182394
25394984445274
93675790752278
110540933680849
182043825670351
184762548709688
52629541890090
245417349454789
62851239935759
154518714670280
1965861925926
260680695734890
20605016265543
123190645882627
237709591891399
111886667532186
130744334894044
268786326205824
237012637926307
88591426096676
3783471846029
48688966616711
197891808291634
122029458269166
41843562760142
38002297725118
59336919113714
194284997219236
182120376774439
89858286686563
207218183781259
210672058012156
24916224005801
47445834305293
202586561093905
128120358564482
112110421627510
164492405338126
53447790278224
104248515179005
91092097136722
112659426816596
67410399863591
70067992980569
264411793974345
259208912352486
156049162867955
157899674706993
44648523626084
113245301816298
247900332178449
273699316498902
57782154219628
152713073880639
157527098019940
237588998835444
40235953412543
1973081562020
333177849846
213344236467397
101809988582454
253965053030514
56798043218339
279016097729229
23051676051990
83324612084452
62089882361301
3872320701482
237426904699929
199545588664815
200189526573394
5386921180538
4591111713408
170499068813996
113803156935958
106359026791239
88646631718454
258086354209869
165251800705090
54731406002184
73429953804552
145417261575339
185398517975575
210262395863986
200324772587240
206904806148441
159096345137156
9957167582425
100376970250816
241624160292943
97365552026816
73771791823714
58874394178392
175668086788388
174893716271993
90211999246782
30710191484363
201326696923348
24567460023569
90393237554625
64547246247435
79399696577816
2648020666213
18756449681663
158864646138866
117953659120723
207994810551474
160111047768508
126077727596911
189462028387845
59120172189945
151384550323055
6718658481458
156115172247254
118912566733955
252665635377873
222308634154100
1415712822576
270519145295208
72699415585405
12232719981771
264987529576291
138708205503790
126446764724257
122731410919697
204557055620196
72326624276852
280912174198336
119681687298388
190752826804240
160112930271666
176522906923903
227271833288925
156732080616197
91274931587584
216760665061770
58716071322948
24489248477454
143351801137145
18846935842432
163142920326040
124342781026842
186978441868448
240769448469495
198467846730123
212396268260289
120318829240932
187133574721676
193091636583361
168892954219617
2555590715175
214127178010367
129005089279515
143317495032262
195485118224989
160681847180268
81607199119394
133065959709024
96908794354489
72978052405762
77258954589561
122643917281805
256520136083942
50261351256284
233796530842465
220472999953266
256786346986201
105832180164700
56917777801040
243503835582690
267651150022441
35516658876572
273521254923921
135108673331671
56223992065277
107296396155505
151887910102783
105621095021566
259563381943560
87129852632186
182295337580994
216375906207177
266994838207511
221736922468545
237917255262505
227405031640475
54314790425774
247536979191274
7669050082957
29856826556803
40392585572782
102515871755510
257256482708037
66116757829248
104053274072349
62840625552273
152235039805099
58705107051867
6499721807335
39288911122165
223961541220911
280978249656593
91138311801537
279662595883351
243106901145983
7454854021835
20023143919893
105172506023915
222582290000567
188161482445923
45037368986621
20896817436276
259818930778281
215208076896642
8899164483151
166967400737122
127571276157744
25007472307014
68345973043900
174684266683780
251533319757461
247551662746489
252238480176379
158182462252107
163849247350275
92767312895324
54000021280260
6116097840534
55370787531020
23847892294141
252068068179294
84864001567253
65468000294204
207194269473825
243607557624446
259274129571898
145020197616834
93579245635007
148165213667887
23754079574711
196875883282205
247527562795011
106887568326161
60252721602450
217668210753768
233728678526699
146099359054884
120431607126210
150886232712874
168945273930605
26952393012328
13722804302691
39306704395708
10960590083888
242171234820997
27814481347186
153600407032636
273364829097686
176446600465289
229666928590115
14078226955542
186013302497491
224289957032375
33481425435838
217604437594130
92716317927894
235857373781600
44438133275917
48277036353789
184127689681602
228128813047762
213400352154725
147248876987612
72612920968756
236613828035923
273987167630892
122993791035186
64564887619231
180561236731438
151917840489730
95909537175889
165324868294386
154360126159
114720706193261
3624541423044
235088419440082
79833420087026
64669388146459
11599289858236
113807650081122
262495076824539
240028013335473
95086151633052
52648455059867
272420159529638
237093627266094
185442206108554
9479204507957
137486243278756
268478148770265
22153447316242
66708297363999
50973086812611
183644430677189
140963115817438
15511823572872
223794358706448
170426800839643
46521392047993
55863695818873
187355817208897
51119028123779
34640856476960
88969386877946
59339594458191
267258843052749
216651268576431
145296875370188
115514924533289
56033370141238
90560720588427
248354999209908
96904719241832
109148184106999
90537620442288
256265784599632
184146776182307
201307648033511
41668657350335
25300159730560
18389002126280
157622043587558
139511038637860
94348584967010
249149482171913
2834065214183
252136134041422
148229175435733
136466484138200
101482841656951
60349580378094
278975473380759
235235054718837
168747474479843
36052156866641
5076675406570
271792601748359
262308114295785
184601141529792
96402099972555
140139971918415
72036864214003
179432940754165
183460328201921
34267158947038
189639296485871
69920025921700
24489119556142
32216479922019
279720672753575
135213545669130
212658872233789
230185696337035
63174115486652
186505559284885
54120539105112
48018743656682
23250508178971
268211440415893
257179855064623
46224027849848
136773670932504
233557162340102
242594984020821
112845952011807
13571849007621
170495446348894
268300408892261
148706393957973
168177832802922
259452202659193
154327193902779
224169827080908
184189073406915
68534761982340
272465133303996
145769276615211
269222785673935
102997943418123
271842938450354
167799682850013
259962197680753
256737847918087
76982568396336
281473720170987
56323094438179
235446368716806
19220289213964
80584547094252
34524263500275
258355528555102
131248783304170
24945630653695
65820630261782
74751737854064
16416080698447
170957435267542
218319319748615
227116277131266
105467723327313
39377306885591
55647527200569
230532951586204
111500693804744
154679653361221
181696654317654
107000503611394
20170357382171
218103391118462
135918412642577
260913584990646
223213290345369
96846734310727
213613145572228
194983439710864
254241474918237
241858120194599
207444944737571
75246200208731
56546338842316
136802839210454
106927265788221
12763806257555
123634005304985
139289757653434
240262103350793
215397452978465
233366182338401
200981159584112
8648113161290
276813638368310
146651931467216
15201791048043
275057829852029
166715001447979
36587741319006
2690444680865
134423172193436
87897679267449
63036312292241
41544648627014
142038865000044
49930885484217
231828465846494
173285204515735
209217277991776
21539091806142
249314632737289
180119252172988
22050188560390
56929525643958
238748001294627
5804572233646
28428227862795
164094850602846
23770167120403
181302405241401
167596387478219
163556651323978
119278140134568
270558390465540
16734432792431
107087534780725
184381555281225
146750026414256
55525083438495
140441101778793
1837980289833
119862933570310
112497640933062
76151753035059
190080173343507
248840825959983
78355465052890
104684443724900
83860487229117
185087791199491
37438745372869
85326827860972
134689241966519
168620625341032
137296975444306
250325373124472
73618557415134
38846716904122
151317772801708
220518153416234
182112970139753
219290786393672
200011197359474
271978195149661
27252841004159
170545374520551
35022733914197
70858841687673
3755711461213
221192569019524
28300183479624
220025245319640
74269155772694
15918797739226
187427907180355
145746792236219
186206639703764
66772203031849
14065885887377
213462039462220
133100511782835
203061894793987
51038483082420
178112336507061
260190518969900
277795125286955
55946121095376
164805268327748
191812421903625
24508619817344
264123369755057
251210768127393
106076613748978
44761391126776
125927504571736
48161926941965
25895823234691
253911799787696
130002167408413
238751228623804
241167873793267
30386320303365
263076290153310
195896868596282
45213992618578
39777866895812
146224474754500
85083135749083
125752821060681
126444315596897
18644695171851
167032931405632
169558290305660
14628080426315
35732659529581
86443665862130
133723025178732
14308640311874
132037052634761
148915525083901
103868172484592
34226153295302
156746478556138
45253364337836
148859066159681
5833742325141
14412642632980
123580954152779
186282399802000
25089875417397
92464582898727
117617162916090
121533662559022
205362029678994
270167298543628
138019979820178
267010997980231
263554765454249
59849062558265
245762869641885
77846081186599
219228652721991
161857175910656
32410202903893
261706307669781
255179854458067
64467077011312
164463463230397
107862394295483
12084143964459
155851820319429
276620078383300
158418385599263
137497751315603
181197507844967
237518379734135
97695936669482
176040744118190
220678911617663
7393151428939
16826875863235
117966779522701
274216784795667
60095839602283
278487575794803
253752903230152
117612897842104
116643987437089
245665116033443
193401489559984
280999468904146
135271767460427
111868246838625
133466388892552
235553927863912
162755957855196
199015544987321
148648554215376
206064834068094
199270022293874
252899903292062
58709612887205
196116423175179
54801601357820
148022832814435
123734847342638
124627421407865
53594197486700
23771200021954
61838160268562
250297858858418
51243949693822
149891488862583
40830224711437
182935928607426
134346247380106
218966178391909
246403592247174
156288743207947
203387149080938
52600048212050
182355032068927
35674902157056
104666309460593
18223650715948
220722206159634
27471882744186
65985011583336
52694570696933
48411370913464
250362338253718
260797704284074
77550451100633
225719643618223
41449775748133
114311298176327
141495648393672
61897194076187
59234111930032
124506003788852
278906751143517
15473844144078
172069296250627
43017631737238
93346398942282
146647337745484
169882159768148
131706206523921
14223596729834
253334634721514
177711732757486
184269419651888
36578938659456
18586984874493
237870989240179
226012114594519
148328463085564
268781658115860
168932997870257
93611465259210
173504620262484
25558069788995
267836094476025
141080130626880
211202203119215
21981389831813
44798508808731
246263827500167
206816460864409
23408377607459
53083439946203
242630643436731
89326867309199
106898452436273
58358274174732
54531869771911
197532611430678
222417899902240
23641521342505
121985526114555
13946804616484
64471923158610
250743643066760
131463817647731
272875640925849
53486485429199
114127402769692
5408062407304
8357900939141
67917902373115
168944339591619
35573959712533
69176273549829
148146620317798
45562856372264
188776221205325
165320392125351
75913945073319
276813931831092
237637009755103
137374607097957
79979375246666
180022923606540
192928641586218
87778668666669
123775194036425
261073412984485
154592084984705
253437271724281
57622986279839
97126509741537
174143808184194
8471674273657
31856528527198
164148367224130
116307823243640
265295445277513
77977444557533
14954441062697
76218211126223
232840528083644
249790109967735
98642363678376
242829508656795
91018569388850
206347818056792
219709060315106
194270744060460
7991901225475
181713071936211
242174909580025
161569823445680
280980564879350
17715133895383
226096217137555
48700946869739
62867297109834
138798743908197
5418502683366
134101666715640
49013208746575
3860336663840
177283440728157
78170929018144
68768079313805
223034632705514
271005142329284
207131175187903
86356733660286
159226608653707
11852883622668
226553210127413
48141912625108
43366992338550
27223087647387
221104985249263
28769910242647
269872969381006
14970463923496
227507587260792
93446346814279
126137897476615
15380053091378
85967148245662
146789940719704
190340918588240
262406762483711
160603459720873
87151508363579
220550521256466
205699803297063
61307871150749
216907834930868
132623712439097
55731439665597
187249632619920
263887851893316
148384044695317
79161363677431
194348986916875
84830614216290
88702630982785
175508705256566
248115849407878
84939130170947
79765011532581
25271689118737
44835758745059
233196239551026
128332125546943
63656490818105
76118913392650
206658706505593
261361697388161
226442397205480
83404957497738
87566064606425
106348152332668
77749468037921
38440555302990
227960459482772
158604791011615
88774173556225
6942079780452
265256061637636
229815135819200
81796465737824
7138960426187
102414035723202
157473586138685
218221355824642
147932413539423
54519693898594
216697852657829
12835696833365
208842459694794
135286768163004
149245590154739
162543194647748
62506298944904
214223394736830
132361595328994
155055496084631
94257750008060
139464266589660
93238790721472
101599283863907
221248734075286
170469681801733
114512504707681
25240030477577
30120385009925
276932010540074
23198219586842
6553751328076
42000510509693
265410237785179
88220187442380
46550978844392
170855354153740
217987521744491
41597727146242
199872328600398
137029887537405
61061920590380
53759201802268
156908623309019
179151191986253
269670327634739
37953185645199
229795568075692
63234264558898
40586402999096
73222600918572
79813432841474
70123650523050
242523290101237
257054961790081
275816982641962
9682493358629
188059369085607
6445670211653
172397819198728
207837713560375
19376998173968
166300418086353
28649200335647
237762357696092
4226310301462
58325877079986
18409475440949
186903828779981
116443049341924
149782023379008
91329304641155
233253953246566
178087529735081
227798586694734
116298370089847
230830850476697
274096038676958
100749036604901
12560728262402
117876513023602
61675610677019
19530819219219
187413269587065
73639931453357
24552703590536
259213207915971
255149027153671
80655559684825
210238975700171
131466913657518
30675587154862
80028830752143
92990267852956
94641443926355
226057649696724
100633342403506
115453873118417
209437273038345
68260350788711
124800494521288
150498952991505
273866462090006
247046610178186
225930233520478
190321826119176
251015684566240
239848858568154
151181701821560
221799237701935
124330084420390
148760238602812
16110304269851
70804989027621
41271302181967
269050589882685
173923186581728
117133117404568
170414110503621
111071744110594
224181549755285
23533492953535
280638490530146
228891635585227
277997661083639
2159506713952
161848264368878
106006321508611
263178519152754
109425175331688
50381114317479
267267757415645
54352604292344
109106176994583
201582378349282
172949441314698
185031295833830
174128431750324
192230670919864
38883360124405
11438370524916
180801149789403
180429586873790
141901934697237
109708244123455
135344736304464
210907746350805
111814382806222
162185974079580
29537098515563
60542203698180
195698957305442
227245506849914
263535526491919
240899104979817
277936448971631
29256202560153
99264905231666
155577802483247
20402169479555
233461669348814
51993345531128
212850616856994
123927218195257
47824353418391
61869990805849
2400805598788
221834425372140
180793643086656
195161929907290
121636091105790
144276215823350
163493869017431
222701797442008
58496006186077
65323853966211
186695279288368
45862447048667
32728422651099
67092702893805
108086550897020
111324291558789
1961271265855
13714293480368
160777340728811
154370641244294
85323154960903
246442579082731
248218553973984
174010954135333
145232807198694
38867887513709
82758023338553
16985210054876
206229564515665
267397444603739
175561413752095
80861813772155
29732516617752
180545622489432
1174406773232
44468843699941
108594663089687
65683586445392
115095868167212
136786534131543
108985091129328
267496283892159
35360596966017
151748969210944
142692228050648
207295463587481
81557674926811
153780651290793
61797469682804
201462971871156
95983300839050
48518724848689
164334359573956
206597272739022
159648955311990
15290962680719
202686966836257
233490690379034
161885738862692
73004015461809
98712280905290
208921460894562
223426061626955
235135563012195
72131938200189
120971707172023
281003615970998
71918586643075
224956015814825
151969432193713
217576787427133
274482106390991
121897764605606
260459336946754
10515712216067
245215000916796
46742887056514
37749271616531
153915860984658
225544368525021
31494808580833
265266105712759
104342695780409
18357836450140
265701351671141
227576770265834
117780628955972
254474852018434
117521141935662
109297908566049
260097637911874
9656305129044
243547865883235
18565789572271
265605179672596
31068721503027
198792587860946
115265057614896
244743684160662
70208791767454
259159008843163
193718740339467
258509978229396
141957141632244
165665644679917
109564020355012
180270347769289
113260001006796
98810045994960
194352845189596
111972269352187
117357510821476
262397830196485
275782155702337
253219606217242
129956638517651
179653384003825
96249750269517
191232476507766
120254721663572
239237395170202
20398980321627
165824755575813
178666578573535
147643724557234
47036523914211
88510181179829
104503222540370
198818698670004
229271498748716
245202775489234
104989179187941
1032079503123
261057796190861
29045845649019
93375325657784
29742616742515
169611759187772
51172690909222
108293945935915
84665087420150
181891468328115
27585018701362
178778600446147
260632724368285
21358177656473
52800851684497
176967768304547
257437657925807
168204818899017
168542147742326
244548038378649
76490829835573
36415700396512
231817670828576
87624395820209
163689224032398
82380653068766
45047028358056
242746540953442
141955725387778
255324255393875
72529836728812
249880135990593
80683047548279
142930227871911
161706578092670
196209174211154
68975052944934
228336017190628
258125461213867
17866292514518
77312170226029
72757569469849
253257961678992
200001590298045
98829646262185
135030332353097
135030016810814
227107768455064
7274036427811
229774203738478
122186395285229
134777380131364
263004629183245
227235412791049
245953493086276
87697212511077
79513610293645
196581096830399
204746510767528
234473895297352
101518797981403
264212725898382
75696221663142
10334155434721
9209089943405
190384745427723
164524712283749
242231822844981
68967001462325
74846663267123
25657654773035
196030100268681
145640270330089
216710923089101
13693129665264
250758699158616
125865798678118
125338328020312
7353437346309
69086555428542
62430470176021
70850299877516
120518794179271
141941444086155
23218249891439
100087987127149
278956118644580
248865421380822
248367586668164
178239836160231
76662408884142
151212739472680
145606294570908
42220784467204
44297568282114
22369441356337
136902275368669
194009208573351
106539810990907
19084620261396
101454053419790
63667419916002
270687258849463
149409803620417
78442466688098
123750042427857
223788620606827
121795226955222
133453733265746
60722483150351
21899333770503
55933989732257
209842587257227
42356301372852
234367858458413
57673635965601
273963570947562
7982371046885
119256901555890
80638806652962
174952672995468
97684977688823
10137658796789
63657042039654
63318248091107
224732885564702
50772245366083
72359101713627
253585230336235
222837607485101
58165197436747
161308878395366
236249511162719
260429505718249
218298526503843
228225501842489
228820518828813
143076223173989
110982806286172
162664246372542
190654603694380
14314307634678
247392906094759
256186511116814
240015867060939
216203316881460
253372647840905
231329791112827
240242213560141
20535288190600
120697705492128
215388491011493
214167551278840
24440373073870
77718707193335
40590333260712
206970385577871
36743045864324
164546626260459
231723985879246
146051702671358
66903101502605
91193378534430
173429208551645
261978248491287
175790782240640
219718454537856
223308427303918
103551110936417
65619477028744
24490494603870
162463381372370
86431126889970
54003369315030
195400373222279
180109752776465
225211668711259
98348812827295
246700510792070
171419065920621
274292784164773
207641830290608
70065074232801
158777333491195
153834535891041
29386915669133
66360545427566
152155197443792
82547113338303
111977990117406
172743043710139
5920261649972
167618954193852
75066854146551
273290978681216
127587741520750
250096953598564
159608990381343
64618898981410
203960104975387
54084376719380
242230195482491
36720898356810
193127031778584
171857459478242
252364008967605
213381373106058
177161905424374
231359157106945
41631621583300
3443918767631
227844888661259
163499400630850
77626159112693
38083253970279
264453708228352
63532062900124
183694344161428
49152295164757
188409435988740
44007028619471
238925123547669
148623930315960
32060789911419
106727113112077
40105783243994
116057823838073
95106245353806
270151981238195
3459229925759
103684752412313
240842083545023
150687924954141
179612333946558
218152355297594
42092277987282
237548842637947
116009955708894
92712455437264
36324871911498
50887850489541
115500763967410
158465602458444
193344381802281
260660706822832
263867603557679
94646034040164
39722465107153
14211813190079
275126704210308
93977877403622
218952847274663
161925205487200
207457545612241
160243959551010
96518045936206
35776017757717
29957269474664
249549897665622
144275294484592
111582337114548
56647992589464
127125968933432
124523442205971
184621181687216
231369198170898
74409139223946
62222442257287
72193209105275
276596920340439
184701146671038
112005380459736
35054754791660
110405933094076
217732602966441
134694604590300
75533601855166
271945418843765
31762369690954
116957345039049
74888324345889
93925086531900
272274322617243
34384909826909
222377571895630
85882064208635
279212795575676
269617107806106
21929076383291
117223255280657
181514410904222
66589856848393
125946775285588
109106081424546
203610454167442
204387867397270
222298965623366
186222875764086
240562818171347
41510247832313
25493591171296
243486410640746
277985673043189
190443800642477
252806181213947
95233876328048
252617534644176
123358880934776
237441272051323
175052395085345
196957230730956
5122383436677
37796428452696
271723209357276
91723753484079
266699696488204
17213050603705
228649596647545
11192056958344
60116361979787
137027058971174
88925969789573
264395508447262
211271098123917
102145870655937
231416576637718
123903433474936
270457131120131
55540948970643
112457535344428
222787896624624
50785169044269
170358455339752
85952340544158
160373464521047
61452697492245
212640959379899
140262564736927
51111043505835
231059834680465
255590400059957
42249837208778
100208535386075
55660972779233
251783669601081
35271965406406
185074026777499
140807079771607
177467252944126
141686196570997
273853386245704
99617643227277
169525736125372
14913554349747
6485781600223
87792403643824
109714243168363
212956857418155
238692365889789
110823048885078
36072119161231
83021021638322
92663081372154
161165698377320
12627541718801
157208905827772
186190341070342
76965544908444
265528235157296
35661503997530
245878784126052
245032730732795
200212734210938
224358965123402
92889728907435
55156554359802
224849198378972
17853070001818
59443945900058
11081350133027
211869191287995
176694171434327
10465353263103
177808602147917
191806257274658
247895555780814
40048624903467
45917193518695
219567047283711
121559734285402
56718991660404
77905649910219
231133162468207
166738482889931
200221333442124
160369425445677
186506831833370
243415575936588
142697932073830
25137790579471
201983349465761
132627813901296
64713336540006
235365955651275
142906025201689
230248079711159
246277474652589
77442179978027
29320596531095
9705165434679
67761499448614
226670646159251
191264078897360
122713144921799
133756848763183
84633894531767
271043367090368
13861418240068
153197896311949
156409884100837
221422311764587
29727492101724
209586476790638
241808845644512
151889366372778
152340333056116
55756132078465
117850021960258
198380457680641
136493494891798
100004374216727
257351813427834
92052685859221
219677803407345
139735930665563
274609414458965
151146325885215
128711093644394
64575973770132
191110151681298
13765887802112
78418624704189
279540794139258
15502313886732
183478360649817
50533187779757
154879878570651
169960621718518
198709440364091
227909429086149
136535786951631
211054169382560
185643902109151
8040181016104
206600493369534
109988997928271
149802775948278
111404619895536
8746836973682
106656292166825
118964406475269
187185338296867
129594727538429
2683640615978
3869960715729
85615239934255
260025735788845
149725087989806
16718128613083
274681488411645
184758632827985
185777552804233
251065443150828
14791347192974
201641390849807
12048212425650
261004418131126
29009022880051
140502732291139
224293613241720
43616990785401
115487204682819
60196495012859
276756533034315
181771853368775
127355793286262
115863601108598
35674483677718
11461830066761
113584624339902
130781668253242
195689450240167
20336229898403
184671110700731
19549859628089
171598755502249
10245708193116
83551723176377
214937886476550
213088540925224
90219029913818
172368537188421
112679058632216
129492547456942
248116252571763
169523801943881
187809104608544
41508658410
212938193649029
131679596835774
163072361037419
35103787635432
158534036655522
29289958537197
274968285495900
143648170813402
279627261692114
172929623658560
9070002658792
87616111882608
91070718596569
228800424835486
207844974322482
173774069968578
251922058976154
197678515851365
122271100711470
275194417888965
180954595985532
281011144513504
74484242770000
253308864357209
160675657223917
173952264041565
201089293576538
94982740281565
75052956754411
52493860843983
25813091637799
55948128122712
109029823396515
144286250171897
11635363883414
236755833250099
50982334453531
38631220767028
7135804031611
163962022124418
270020258035950
219464240901052
238549387959206
55547157208026
175775949464606
246885891186322
33900820687350
111466437623740
40849461732071
17027291169259
226399436745086
101904584984202
22011412496823
189450824954931
189312987125943
61478088152342
17399455928351
71157298445981
235664532634569
151951128736690
82635639564010
12764417313088
66654041266398
245524310068704
20399998065456
139813972370636
37359155379076
55436834173829
70980345695626
214191521841352
172071469429539
127276275276216
221116836502859
53875638973540
27728362476164
8766247212817
54093549563852
237215423216344
237705464410208
79606694898330
20769451536074
274937419165524
120840454170635
88280985668
169985059522004
157300917540484
69229331798307
266758299021553
11812498728897
212319278536348
10057431410265
90004578897929
62275691136837
121489178425595
100855699863360
78451158605221
16242688942473
186018221156958
27641824228921
123855488173899
10270746702038
62887776075417
276976460436319
101603315589422
204657195529557
28476558699504
14267512996242
17936423888143
79950805202906
270545865509873
48630614308489
147103487815584
261558490070465
198740840307945
156628550627320
44600801066368
129243534038744
256216002838497
64337008830912
98949406864832
214140205142368
107139850681394